-2.000000000000000000e+00 4.000000000000000000e+00
-1.897435897435897356e+00 3.600262984878369377e+00
-1.794871794871794934e+00 3.221564760026298657e+00
-1.692307692307692291e+00 2.863905325443786953e+00
-1.589743589743589869e+00 2.527284681130835153e+00
-1.487179487179487225e+00 2.211702827087442813e+00
-1.384615384615384581e+00 1.917159763313609266e+00
-1.282051282051281937e+00 1.643655489809335624e+00
-1.179487179487179516e+00 1.391190006574622107e+00
-1.076923076923077094e+00 1.159763313609467827e+00
-9.743589743589744501e-01 9.493754109138726749e-01
-8.717948717948718063e-01 7.600262984878369821e-01
-7.692307692307691624e-01 5.917159763313608600e-01
-6.666666666666667407e-01 4.444444444444445308e-01
-5.641025641025640969e-01 3.182117028270874393e-01
-4.615384615384616751e-01 2.130177514792900573e-01
-3.589743589743590313e-01 1.288625904010519685e-01
-2.564102564102563875e-01 6.574621959237342272e-02
-1.538461538461539657e-01 2.366863905325447548e-02
-5.128205128205132191e-02 2.629848783694941575e-03
5.128205128205109986e-02 2.629848783694919024e-03
1.538461538461537437e-01 2.366863905325440609e-02
2.564102564102563875e-01 6.574621959237342272e-02
3.589743589743590313e-01 1.288625904010519685e-01
4.615384615384616751e-01 2.130177514792900573e-01
5.641025641025638748e-01 3.182117028270871617e-01
6.666666666666665186e-01 4.444444444444442532e-01
7.692307692307691624e-01 5.917159763313608600e-01
8.717948717948718063e-01 7.600262984878369821e-01
9.743589743589744501e-01 9.493754109138726749e-01
1.076923076923076650e+00 1.159763313609466939e+00
1.179487179487179294e+00 1.391190006574621441e+00
1.282051282051281937e+00 1.643655489809335624e+00
1.384615384615384581e+00 1.917159763313609266e+00
1.487179487179487225e+00 2.211702827087442813e+00
1.589743589743589425e+00 2.527284681130833821e+00
1.692307692307692069e+00 2.863905325443786065e+00
1.794871794871794712e+00 3.221564760026297769e+00
1.897435897435897356e+00 3.600262984878369377e+00
2.000000000000000000e+00 4.000000000000000000e+00
